1 0.737971 0.050265 0.137649 0.099206
1 0.599950 0.055556 0.135417 0.105159
1 0.754712 0.183036 0.132937 0.084987
1 0.749008 0.270999 0.129960 0.086971
26 0.621032 0.454034 0.140873 0.050926
26 0.605779 0.368552 0.128720 0.038029
21 0.323413 0.441634 0.078869 0.069114
20 0.420015 0.403274 0.074157 0.055225
22 0.500868 0.446925 0.080109 0.054563
22 0.508433 0.369544 0.063492 0.040013
6 0.315724 0.059524 0.132440 0.093915
9 0.461310 0.057044 0.134425 0.100198
17 0.485987 0.198909 0.149058 0.084987
17 0.484871 0.282077 0.146329 0.083333
18 0.331101 0.201720 0.151290 0.082011
18 0.337426 0.279597 0.144097 0.079696
11 0.636161 0.770999 0.087302 0.103505
11 0.543155 0.770999 0.086310 0.098876
12 0.734375 0.727679 0.093750 0.063161
12 0.727059 0.790675 0.088046 0.055556
5 0.624256 0.230159 0.131944 0.175265
14 0.641741 0.628142 0.092510 0.063823
14 0.728671 0.596396 0.079365 0.067791
24 0.445064 0.587632 0.094494 0.132275
13 0.351066 0.574405 0.087550 0.115741
24 0.452629 0.770833 0.086806 0.134921
25 0.359127 0.779597 0.088790 0.091601
15 0.544643 0.623843 0.089782 0.057209
15 0.547619 0.568618 0.097222 0.058532
