8 0.226935 0.189815 0.169643 0.120370
8 0.233259 0.353671 0.164931 0.118717
8 0.235615 0.468089 0.168155 0.118717
1 0.759549 0.323909 0.172867 0.124008
1 0.755208 0.445437 0.176587 0.125000
1 0.761409 0.595073 0.148810 0.106151
1 0.778522 0.720073 0.172123 0.124008
1 0.602183 0.722057 0.166667 0.122024
1 0.599826 0.605159 0.169891 0.115741
1 0.818080 0.881614 0.176835 0.105159
10 0.403026 0.342097 0.168651 0.124669
10 0.406126 0.461806 0.170387 0.122024
9 0.428323 0.617560 0.165179 0.110780
9 0.432044 0.726687 0.162202 0.108135
6 0.250248 0.729663 0.160714 0.106812
6 0.261409 0.627646 0.166171 0.097884
4 0.620040 0.159392 0.089782 0.128968
4 0.623140 0.327712 0.084573 0.129630
4 0.624132 0.452216 0.084573 0.123347
3 0.539435 0.331019 0.079365 0.123677
3 0.536582 0.452712 0.080109 0.122354
3 0.533358 0.052249 0.077629 0.103836
1 0.711682 0.162864 0.084077 0.120701
1 0.803199 0.158896 0.088542 0.122024
1 0.899058 0.151290 0.090774 0.120701
1 0.715526 0.052910 0.086806 0.105159
1 0.810144 0.049769 0.093998 0.098876
18 0.266989 0.900298 0.190724 0.104167
17 0.458705 0.886905 0.192708 0.113095
5 0.645337 0.915840 0.168155 0.168320
0 0.403522 0.124008 0.169643 0.247354
0 0.221230 0.069444 0.192956 0.138228
