11 0.624256 0.769015 0.095238 0.124669
11 0.521825 0.776290 0.095238 0.117394
21 0.260913 0.407573 0.095238 0.086310
20 0.372768 0.369048 0.089286 0.076058
1 0.735491 0.186343 0.143105 0.106812
1 0.739459 0.079696 0.144593 0.111111
25 0.734747 0.709987 0.104415 0.080026
25 0.726935 0.781581 0.097222 0.071098
18 0.266369 0.221396 0.160714 0.104167
18 0.260417 0.117560 0.175595 0.105489
17 0.435640 0.108962 0.166419 0.109458
17 0.439236 0.210483 0.169643 0.116733
5 0.594494 0.142692 0.145337 0.212632
22 0.465526 0.398975 0.088294 0.066468
26 0.598958 0.400298 0.153770 0.062500
14 0.627108 0.604663 0.103919 0.084325
14 0.724702 0.565642 0.088294 0.081680
13 0.301215 0.560847 0.102927 0.132275
24 0.406870 0.565476 0.101935 0.148810
24 0.420635 0.780919 0.097222 0.160384
25 0.316716 0.796958 0.101190 0.097884
15 0.522817 0.539187 0.097222 0.071098
15 0.515997 0.603009 0.104911 0.058532
