1 0.681300 0.421462 0.099206 0.090278
1 0.700521 0.602183 0.098958 0.093915
1 0.572917 0.432044 0.109623 0.096892
1 0.665427 0.338790 0.078373 0.083003
1 0.571553 0.341601 0.110367 0.091270
1 0.700397 0.523313 0.097718 0.071098
1 0.673611 0.227679 0.103175 0.084987
1 0.677951 0.135417 0.107391 0.083003
4 0.592882 0.129630 0.060764 0.092593
4 0.593750 0.223380 0.059028 0.092923
3 0.528150 0.134425 0.047371 0.090278
3 0.525298 0.225860 0.043155 0.086640
10 0.436632 0.122024 0.130208 0.099868
10 0.438368 0.221396 0.128224 0.092923
9 0.449405 0.353671 0.126984 0.088294
9 0.450769 0.443122 0.124752 0.091931
8 0.291295 0.113261 0.145089 0.100198
8 0.295015 0.218585 0.147073 0.093915
21 0.300719 0.853671 0.088542 0.088294
20 0.381448 0.778274 0.067460 0.078373
22 0.498264 0.811343 0.071429 0.067130
18 0.323661 0.672950 0.153770 0.101190
18 0.321429 0.585483 0.152778 0.088955
17 0.467882 0.567130 0.122768 0.087302
17 0.475694 0.645999 0.130952 0.088955
6 0.305804 0.451389 0.137401 0.098545
6 0.306424 0.363426 0.141121 0.074074
26 0.607143 0.787368 0.118056 0.065476
5 0.593378 0.586310 0.108879 0.144841
15 0.535590 0.933532 0.094494 0.081349
14 0.693948 0.906911 0.062004 0.091601
