1 0.718378 0.390542 0.192708 0.114418
1 0.535218 0.380291 0.162202 0.117063
1 0.727307 0.254464 0.182292 0.127315
1 0.538938 0.256283 0.162202 0.125661
1 0.707961 0.074570 0.208085 0.148479
1 0.749876 0.568452 0.190724 0.129630
1 0.753596 0.687500 0.192708 0.143519
4 0.560516 0.075231 0.096726 0.149802
10 0.351438 0.094742 0.147817 0.123347
9 0.375868 0.263889 0.145089 0.105820
9 0.380580 0.372024 0.143105 0.107804
6 0.235739 0.365245 0.135169 0.099537
6 0.238095 0.272817 0.125000 0.085317
8 0.205977 0.103671 0.131696 0.113426
3 0.481275 0.091601 0.065724 0.129630
5 0.572297 0.611111 0.165923 0.224868
17 0.404514 0.532242 0.171627 0.087632
17 0.399678 0.630291 0.167907 0.082672
13 0.247520 0.514550 0.149802 0.095238
13 0.245288 0.611276 0.144841 0.100198
21 0.241319 0.777447 0.086310 0.092593
20 0.379340 0.742725 0.078621 0.048942
22 0.425471 0.840939 0.091518 0.076720
