1 0.764386 0.487315 0.150855 0.058438
1 0.752290 0.430730 0.133921 0.057013
1 0.724037 0.340294 0.158286 0.065422
1 0.721013 0.283994 0.149819 0.050599
1 0.568948 0.284778 0.147399 0.055017
1 0.714360 0.191491 0.160359 0.062001
3 0.512874 0.125713 0.078106 0.063569
2 0.517194 0.039909 0.078797 0.064994
3 0.512442 0.190066 0.078625 0.065137
4 0.592017 0.189852 0.081217 0.065279
4 0.590289 0.135904 0.076724 0.041762
4 0.600225 0.039054 0.082426 0.067560
0 0.380854 0.731115 0.135822 0.142389
5 0.607396 0.457526 0.155521 0.114880
6 0.555988 0.341363 0.157076 0.060148
4 0.433904 0.338441 0.079143 0.062571
7 0.692760 0.038840 0.080525 0.068843
6 0.264213 0.350271 0.135476 0.038911
8 0.233541 0.133766 0.160878 0.058295
8 0.233973 0.192560 0.161051 0.060148
8 0.233973 0.043686 0.160014 0.057440
9 0.394851 0.040479 0.163124 0.064139
10 0.393209 0.127352 0.159841 0.060576
10 0.394246 0.190351 0.159150 0.062286
1 0.716520 0.125499 0.159841 0.065707
1 0.823052 0.162985 0.051495 0.117018
11 0.652843 0.903578 0.133057 0.142959
11 0.519527 0.887258 0.128046 0.113170
12 0.789615 0.868515 0.119751 0.071978
12 0.788751 0.940066 0.119060 0.066562
13 0.231381 0.743515 0.147227 0.115023
14 0.660187 0.773019 0.135994 0.062856
14 0.789183 0.769456 0.120270 0.075399
14 0.787887 0.701397 0.120442 0.060718
14 0.659755 0.709450 0.134094 0.064567
15 0.512874 0.776725 0.127182 0.050029
15 0.511837 0.725770 0.127873 0.045895
16 0.515639 0.682298 0.132711 0.039339
17 0.436496 0.432868 0.183515 0.056727
17 0.436755 0.486531 0.184724 0.052024
18 0.249093 0.432298 0.188526 0.054732
18 0.248402 0.486531 0.188526 0.053164
19 0.600225 0.570197 0.176084 0.044327
19 0.613790 0.616876 0.196648 0.047035
20 0.349577 0.557298 0.115086 0.050456
20 0.342665 0.610961 0.113358 0.055730
21 0.240885 0.556229 0.104026 0.048033
21 0.224037 0.608324 0.113530 0.055017
22 0.452912 0.613384 0.108173 0.046038
22 0.453517 0.576112 0.092103 0.033352
23 0.780111 0.610177 0.130810 0.060718
0 0.790911 0.037272 0.110247 0.074259
24 0.385346 0.898803 0.136858 0.114025
25 0.234578 0.879704 0.149127 0.086659
25 0.221877 0.952680 0.134094 0.054732
0 0.262571 0.291619 0.160878 0.076682
